11
99999 10 12 2 4 99999 99999 99999 3 14 99999 
10 99999 1 99999 99999 99999 99999 99999 99999 7 99999 
12 1 99999 99999 99999 99999 99999 99999 8 99999 99999 
2 99999 99999 99999 5 3 99999 4 3 99999 99999 
4 99999 99999 5 99999 5 10 99999 99999 11 10 
99999 99999 99999 3 5 99999 2 4 99999 99999 99999 
99999 99999 99999 99999 10 2 99999 99999 99999 99999 8 
99999 99999 99999 4 99999 4 99999 99999 5 99999 99999 
3 99999 8 3 99999 99999 99999 5 99999 99999 99999 
14 7 99999 99999 11 99999 99999 99999 99999 99999 7 
99999 99999 99999 99999 10 99999 8 99999 99999 7 99999 
1
