100
99999 1398 112 1464 598 1926 501 237 1846 580 622 495 225 1300 620 99999 99999 99999 1455 99999 99999 99999 99999 99999 99999 99999 99999 99999 99999 99999 1518 99999 99999 99999 99999 99999 1317 99999 99999 99999 91 99999 99999 99999 99999 99999 1909 99999 99999 99999 99999 99999 99999 99999 99999 99999 99999 1087 99999 99999 99999 99999 99999 99999 99999 99999 99999 99999 99999 99999 99999 99999 99999 99999 99999 99999 99999 99999 99999 99999 99999 99999 99999 99999 99999 1220 99999 99999 99999 99999 99999 99999 99999 99999 99999 99999 99999 99999 99999 99999 
1398 99999 99999 873 99999 99999 99999 99999 99999 99999 99999 99999 100 1419 1781 99999 99999 99999 99999 1046 1411 399 99999 99999 99999 99999 99999 683 1185 977 1665 99999 99999 99999 99999 99999 99999 99999 99999 99999 99999 99999 99999 99999 99999 99999 99999 99999 99999 99999 99999 99999 99999 99999 99999 99999 99999 99999 99999 1862 99999 99999 99999 99999 99999 99999 99999 99999 1901 99999 99999 99999 99999 99999 99999 1155 99999 99999 99999 99999 99999 99999 996 99999 99999 99999 99999 99999 99999 99999 99999 99999 99999 99999 99999 292 99999 99999 99999 99999 
112 99999 99999 99999 11 1600 99999 99999 99999 99999 99999 1955 99999 99999 1921 99999 99999 99999 808 99999 99999 1368 99999 99999 99999 99999 99999 99999 99999 99999 417 99999 85 99999 163 99999 99999 99999 99999 99999 99999 99999 99999 99999 99999 99999 99999 99999 99999 1907 99999 99999 899 1478 314 397 1824 1995 1094 98 99999 99999 99999 99999 99999 99999 99999 1074 99999 99999 99999 99999 99999 99999 99999 99999 99999 468 99999 99999 99999 99999 99999 99999 99999 99999 96 99999 99999 99999 1446 99999 99999 99999 99999 939 99999 99999 99999 697 
1464 873 99999 99999 99999 99999 99999 99999 771 99999 99999 1721 99999 99999 99999 99999 99999 99999 99999 99999 99999 99999 99999 99999 99999 99999 99999 99999 99999 99999 99999 99999 99999 1695 99999 99999 99999 99999 99999 99999 99999 99999 1470 99999 99999 99999 99999 99999 99999 99999 99999 99999 99999 99999 99999 99999 99999 99999 99999 1065 99999 99999 99999 99999 99999 99999 99999 99999 1090 99999 1887 1726 99999 99999 934 99999 99999 99999 99999 99999 99999 99999 99999 99999 99999 99999 541 99999 99999 99999 99999 99999 99999 99999 99999 99999 99999 99999 99999 99999 
598 99999 11 99999 99999 99999 99999 99999 99999 99999 99999 99999 99999 99999 99999 1733 99999 99999 99999 223 99999 99999 543 1747 99999 99999 99999 99999 99999 99999 99999 99999 99999 99999 99999 99999 823 99999 1462 99999 99999 99999 99999 99999 99999 99999 99999 99999 99999 99999 99999 586 99999 99999 99999 99999 99999 99999 99999 1635 99999 99999 99999 99999 99999 99999 99999 1308 99999 99999 99999 99999 99999 99999 99999 1878 339 554 99999 99999 99999 99999 99999 1140 496 99999 99999 99999 99999 473 581 99999 99999 99999 99999 99999 99999 99999 99999 99999 
1926 99999 1600 99999 99999 99999 99999 99999 99999 99999 99999 99999 493 99999 99999 99999 99999 99999 99999 99999 99999 1876 99999 99999 99999 99999 99999 770 99999 99999 591 99999 99999 99999 99999 99999 99999 99999 984 1812 99999 99999 99999 99999 692 422 99999 1653 99999 577 99999 99999 99999 99999 99999 668 99999 99999 99999 99999 99999 99999 1390 1839 99999 99999 99999 99999 99999 99999 99999 99999 99999 99999 99999 99999 99999 99999 99999 1817 1716 99999 99999 99999 157 99999 99999 721 99999 335 99999 99999 99999 99999 99999 99999 99999 99999 99999 99999 
501 99999 99999 99999 99999 99999 99999 99999 99999 99999 99999 99999 99999 99999 99999 99999 99999 99999 99999 99999 99999 99999 99999 99999 998 99999 1032 99999 99999 99999 99999 99999 99999 1932 99999 99999 99999 99999 99999 527 587 99999 99999 99999 99999 99999 428 1491 99999 99999 99999 1183 99999 546 99999 1057 99999 99999 99999 99999 99999 1853 483 99999 267 99999 99999 99999 99999 1886 99999 99999 241 1626 99999 99999 99999 99999 99999 1324 1838 99999 99999 99999 99999 99999 99999 99999 99999 1219 99999 99999 1352 99999 99999 99999 99999 99999 99999 99999 
237 99999 99999 99999 99999 99999 99999 99999 99999 99999 99999 99999 99999 99999 234 99999 29 99999 99999 99999 99999 99999 99999 99999 99999 317 99999 99999 99999 99999 99999 99999 99999 99999 99999 99999 99999 99999 99999 99999 99999 99999 99999 99999 99999 99999 585 99999 99999 99999 99999 99999 99999 1596 99999 160 99999 99999 99999 99999 99999 99999 99999 99999 99999 99999 99999 99999 99999 99999 99999 99999 99999 921 99999 1330 99999 99999 99999 99999 99999 99999 99999 99999 99999 99999 99999 1066 99999 99999 99999 99999 99999 1706 99999 99999 99999 99999 99999 817 
1846 99999 99999 771 99999 99999 99999 99999 99999 99999 99999 99999 99999 99999 99999 99999 99999 99999 99999 99999 99999 99999 110 1603 99999 99999 99999 99999 99999 99999 99999 99999 1006 1116 868 99999 99999 1233 99999 99999 99999 99999 99999 99999 99999 99999 99999 99999 99999 99999 99999 1438 99999 99999 99999 99999 35 494 99999 99999 99999 99999 99999 99999 99999 690 1477 522 99999 99999 1743 99999 99999 99999 99999 1768 99999 99999 99999 99999 99999 99999 99999 99999 99999 99999 99999 99999 99999 1115 99999 2 99999 99999 99999 99999 99999 99999 99999 99999 
580 99999 99999 99999 99999 99999 99999 99999 99999 99999 981 99999 99999 427 99999 99999 99999 99999 99999 99999 99999 99999 1563 99999 99999 99999 99999 99999 99999 99999 99999 99999 99999 99999 99999 589 1734 99999 99999 99999 99999 99999 459 99999 99999 99999 99999 99999 99999 99999 99999 99999 99999 1383 99999 99999 99999 675 288 99999 99999 1444 99999 1027 99999 1885 99999 99999 99999 99999 99999 99999 99999 99999 99999 1953 1201 99999 99999 802 1842 99999 99999 99999 99999 99999 99999 99999 99999 99999 99999 99999 99999 99999 99999 99999 99999 1334 99999 99999 
622 99999 99999 99999 99999 99999 99999 99999 99999 981 99999 99999 626 99999 99999 562 99999 99999 99999 99999 1123 99999 99999 99999 987 99999 99999 99999 99999 99999 99999 99999 99999 99999 99999 99999 99999 1692 99999 99999 99999 99999 99999 99999 99999 99999 99999 99999 99999 1992 99999 99999 99999 99999 99999 385 1753 99999 677 99999 99999 1925 99999 99999 99999 99999 1541 99999 99999 99999 1186 99999 99999 99999 99999 99999 99999 99999 99999 99999 99999 99999 99999 99999 1597 99999 99999 99999 99999 99999 99999 99999 1002 99999 99999 99999 99999 99999 99999 99999 
495 99999 1955 1721 99999 99999 99999 99999 99999 99999 99999 99999 99999 99999 99999 1867 99999 177 99999 553 99999 99999 99999 99999 99999 99999 99999 99999 99999 99999 99999 99999 99999 99999 99999 99999 99999 99999 99999 99999 99999 99999 99999 99999 99999 99999 99999 99999 99999 99999 99999 99999 99999 99999 99999 99999 99999 99999 99999 99999 1459 99999 99999 99999 99999 99999 99999 99999 99999 834 99999 99999 99999 99999 99999 1359 99999 99999 1132 1527 99999 99999 1246 99999 99999 99999 99999 128 99999 1197 99999 99999 99999 1587 1943 408 99999 99999 99999 99999 
225 100 99999 99999 99999 493 99999 99999 99999 99999 626 99999 99999 99999 99999 99999 99999 99999 1226 99999 99999 93 99999 769 99999 672 1374 99999 99999 99999 99999 99999 1728 99999 16 99999 99999 99999 99999 99999 99999 99999 99999 1503 99999 99999 1209 1064 99999 99999 99999 99999 99999 99999 99999 99999 99999 99999 99999 99999 536 99999 99999 99999 99999 187 99999 99999 308 99999 99999 99999 99999 99999 99999 1075 99999 99999 452 370 99999 1423 99999 99999 99999 1905 99999 99999 99999 99999 99999 99999 99999 99999 1701 99999 99999 99999 99999 99999 
1300 1419 99999 99999 99999 99999 99999 99999 99999 427 99999 99999 99999 99999 99999 99999 99999 855 99999 99999 99999 99999 99999 224 99999 99999 1013 99999 1643 99999 99999 99999 344 99999 99999 99999 99999 99999 1231 99999 99999 99999 99999 99999 618 99999 99999 99999 99999 99999 99999 99999 99999 99999 929 99999 99999 99999 99999 595 99999 99999 99999 99999 99999 99999 1547 99999 99999 99999 99999 99999 99999 99999 99999 48 1051 99999 99999 99999 99999 99999 99999 99999 99999 42 99999 99999 1513 99999 99999 208 244 99999 99999 99999 99999 99999 99999 99999 
620 1781 1921 99999 99999 99999 99999 234 99999 99999 99999 99999 99999 99999 99999 1512 1149 479 126 1700 1696 99999 99999 99999 99999 99999 99999 1109 99999 99999 99999 99999 99999 99999 99999 99999 99999 99999 99999 99999 99999 99999 99999 99999 99999 99999 99999 99999 99999 99999 99999 1229 99999 99999 99999 99999 99999 99999 99999 99999 99999 99999 99999 99999 99999 99999 99999 99999 99999 99999 99999 99999 99999 99999 99999 99999 99999 99999 99999 99999 99999 99999 99999 99999 99999 1124 99999 99999 99999 99999 99999 99999 99999 99999 99999 99999 99999 99999 99999 99999 
99999 99999 99999 99999 1733 99999 99999 99999 99999 99999 562 1867 99999 99999 1512 99999 99999 99999 99999 99999 99999 99999 99999 99999 99999 99999 99999 99999 99999 99999 99999 99999 99999 99999 1640 99999 99999 99999 99999 99999 99999 99999 99999 1990 99999 99999 99999 99999 506 99999 99999 99999 99999 99999 99999 99999 99999 707 99999 99999 99999 99999 1636 57 99999 975 1091 81 860 658 99999 99999 99999 99999 99999 99999 99999 99999 99999 99999 99999 99999 99999 1432 99999 99999 99999 99999 99999 99999 99999 99999 99999 99999 99999 99999 99999 99999 99999 99999 
99999 99999 99999 99999 99999 99999 99999 29 99999 99999 99999 99999 99999 99999 1149 99999 99999 99999 99999 1997 99999 99999 99999 99999 99999 485 99999 99999 99999 99999 1504 99999 99999 99999 99999 99999 99999 99999 99999 99999 99999 99999 1169 99999 99999 99999 99999 99999 99999 99999 99999 99999 99999 99999 99999 99999 1071 99999 99999 99999 1441 99999 1742 99999 99999 99999 99999 99999 99999 915 99999 99999 876 99999 99999 99999 99999 99999 150 99999 99999 99999 99999 99999 99999 99999 99999 613 99999 715 99999 99999 99999 99999 99999 99999 99999 1313 70 826 
99999 99999 99999 99999 99999 99999 99999 99999 99999 99999 99999 177 99999 855 479 99999 99999 99999 99999 99999 99999 99999 99999 99999 99999 99999 99999 99999 99999 359 99999 99999 323 99999 99999 99999 99999 99999 99999 99999 99999 99999 99999 99999 99999 99999 99999 99999 99999 99999 99999 99999 795 99999 99999 99999 99999 99999 99999 99999 99999 1999 99999 99999 1712 99999 99999 99999 99999 99999 99999 99999 1912 99999 99999 99999 99999 99999 133 99999 99999 99999 99999 99999 99999 99999 99999 1884 99999 1806 99999 1425 99999 99999 1047 99999 99999 99999 1662 99999 
1455 99999 808 99999 99999 99999 99999 99999 99999 99999 99999 99999 1226 99999 126 99999 99999 99999 99999 99999 99999 99999 99999 99999 99999 99999 99999 99999 99999 99999 99999 99999 99999 99999 99999 99999 99999 99999 99999 844 99999 99999 99999 99999 99999 99999 99999 99999 99999 99999 99999 535 99999 99999 99999 99999 99999 99999 99999 850 99999 1703 99999 99999 832 99999 99999 99999 99999 113 99999 99999 99999 1920 99999 99999 99999 99999 99999 99999 99999 99999 641 99999 99999 99999 99999 99999 99999 99999 843 151 1218 99999 99999 99999 99999 99999 99999 1848 
99999 1046 99999 99999 223 99999 99999 99999 99999 99999 99999 553 99999 99999 1700 99999 1997 99999 99999 99999 31 99999 99999 449 99999 99999 1609 99999 99999 99999 99999 99999 99999 99999 1037 99999 99999 99999 99999 99999 99999 99999 99999 18 99999 99999 1659 66 99999 99999 99999 99999 99999 99999 99999 99999 99999 99999 99999 1363 99999 99999 99999 99999 99999 59 99999 99999 99999 99999 99999 99999 99999 289 814 99999 99999 99999 99999 99999 99999 99999 99999 99999 99999 99999 516 99999 343 99999 99999 99999 99999 99999 99999 99999 1492 99999 99999 99999 
99999 1411 99999 99999 99999 99999 99999 99999 99999 99999 1123 99999 99999 99999 1696 99999 99999 99999 99999 31 99999 99999 99999 99999 99999 99999 99999 99999 99999 99999 99999 99999 99999 99999 99999 99999 99999 1612 99999 99999 1351 99999 99999 794 99999 99999 99999 27 99999 99999 99999 99999 99999 99999 99999 99999 99999 1015 1343 99999 99999 1804 99999 99999 1745 971 99999 99999 99999 99999 99999 1328 99999 99999 99999 438 99999 99999 99999 524 99999 99999 99999 99999 99999 99999 435 99999 99999 99999 115 99999 99999 99999 99999 99999 99999 99999 99999 99999 
99999 399 1368 99999 99999 1876 99999 99999 99999 99999 99999 99999 93 99999 99999 99999 99999 99999 99999 99999 99999 99999 1258 813 188 1259 1068 99999 99999 99999 99999 99999 99999 99999 605 99999 99999 99999 99999 99999 99999 99999 99999 99999 99999 99999 99999 99999 99999 883 99999 99999 99999 99999 99999 99999 99999 1445 99999 99999 99999 99999 149 99999 99999 99999 99999 99999 99999 99999 99999 99999 99999 99999 99999 89 99999 99999 99999 99999 99999 99999 99999 99999 99999 99999 99999 99999 99999 99999 99999 99999 99999 99999 99999 99999 99999 99999 99999 582 
99999 99999 99999 99999 543 99999 99999 99999 110 1563 99999 99999 99999 99999 99999 99999 99999 99999 99999 99999 99999 1258 99999 99999 99999 99999 1105 99999 99999 99999 99999 99999 597 99999 99999 99999 965 99999 99999 99999 99999 99999 99999 99999 99999 24 1251 99999 99999 99999 99999 99999 530 99999 99999 99999 99999 559 99999 99999 99999 1348 1810 99999 99999 99999 99999 374 1307 99999 99999 99999 99999 99999 99999 99999 99999 806 99999 99999 99999 99999 1125 99999 99999 200 99999 99999 99999 99999 99999 99999 99999 99999 99999 679 412 667 99999 99999 
99999 99999 99999 99999 1747 99999 99999 99999 1603 99999 99999 99999 769 224 99999 99999 99999 99999 99999 449 99999 813 99999 99999 99999 99999 1424 99999 99999 99999 99999 99999 497 99999 1107 99999 99999 99999 327 99999 99999 99999 709 99999 99999 99999 99999 99999 99999 229 1623 99999 99999 99999 99999 551 99999 99999 99999 45 99999 99999 99999 99999 99999 99999 99999 99999 99999 99999 954 99999 99999 99999 99999 99999 99999 1224 99999 99999 99999 503 889 99999 99999 99999 99999 99999 99999 933 99999 99999 99999 902 99999 99999 99999 99999 99999 99999 
99999 99999 99999 99999 99999 99999 998 99999 99999 99999 987 99999 99999 99999 99999 99999 99999 99999 99999 99999 99999 188 99999 99999 99999 99999 99999 674 1557 99999 99999 99999 99999 99999 99999 99999 99999 99999 99999 99999 99999 99999 664 99999 393 99999 99999 99999 99999 1679 1638 99999 99999 1499 175 99999 99999 99999 99999 99999 99999 99999 99999 99999 99999 99999 99999 1388 99999 367 1436 99999 99999 99999 99999 99999 99999 99999 99999 99999 442 99999 99999 99999 99999 99999 99999 99999 99999 1261 99999 782 99999 99999 99999 99999 99999 99999 99999 99999 
99999 99999 99999 99999 99999 99999 99999 317 99999 99999 99999 99999 672 99999 99999 99999 485 99999 99999 99999 99999 1259 99999 99999 99999 99999 303 99999 99999 99999 99999 99999 99999 99999 1497 99999 99999 99999 99999 99999 99999 99999 99999 99999 1668 99999 99999 99999 99999 99999 99999 760 785 99999 99999 99999 99999 99999 99999 99999 702 99999 99999 99999 99999 99999 99999 99999 99999 1924 99999 99999 99999 99999 99999 99999 99999 99999 99999 99999 99999 99999 99999 99999 1134 99999 1303 678 99999 1982 99999 99999 1196 99999 99999 99999 99999 99999 710 99999 
99999 99999 99999 99999 99999 99999 1032 99999 99999 99999 99999 99999 1374 1013 99999 99999 99999 99999 99999 1609 99999 1068 1105 1424 99999 303 99999 99999 99999 99999 99999 99999 1581 918 99999 99999 99999 99999 99999 99999 99999 99999 1362 99999 1102 99999 521 99999 520 99999 99999 99999 99999 99999 99999 99999 540 99999 387 99999 99999 99999 99999 1498 1637 99999 99999 99999 99999 99999 99999 99999 99999 60 99999 1175 99999 1129 99999 99999 1671 99999 99999 99999 99999 99999 99999 99999 99999 99999 99999 792 99999 99999 99999 99999 99999 99999 99999 99999 
99999 683 99999 99999 99999 770 99999 99999 99999 99999 99999 99999 99999 99999 1109 99999 99999 99999 99999 99999 99999 99999 99999 99999 674 99999 99999 99999 99999 99999 923 99999 99999 99999 99999 99999 99999 99999 99999 99999 254 604 1903 99999 1739 99999 99999 386 368 99999 99999 99999 99999 190 99999 99999 99999 99999 99999 1310 99999 99999 99999 99999 99999 99999 99999 99999 99999 99999 99999 99999 99999 99999 99999 99999 99999 58 99999 1227 99999 99999 99999 99999 99999 99999 99999 99999 99999 99999 99999 912 1067 99999 262 1096 99999 99999 99999 852 
99999 1185 99999 99999 99999 99999 99999 99999 99999 99999 99999 99999 99999 1643 99999 99999 99999 99999 99999 99999 99999 99999 99999 99999 1557 99999 99999 99999 99999 99999 99999 99999 99999 99999 99999 99999 99999 99999 99999 99999 99999 99999 99999 99999 99999 99999 99999 99999 99999 99999 99999 1621 99999 99999 99999 99999 99999 312 99999 99999 99999 99999 99999 99999 99999 99999 1711 286 99999 99999 99999 99999 99999 99999 99999 99999 1599 99999 99999 99999 1770 99999 99999 99999 99999 99999 99999 99999 99999 99999 99999 99999 99999 99999 99999 99999 99999 99999 99999 99999 
99999 977 99999 99999 99999 99999 99999 99999 99999 99999 99999 99999 99999 99999 99999 99999 99999 359 99999 99999 99999 99999 99999 99999 99999 99999 99999 99999 99999 99999 1038 99999 99999 99999 99999 99999 99999 50 99999 99999 99999 99999 99999 99999 99999 99999 1266 99999 99999 1312 99999 99999 99999 99999 99999 99999 99999 86 99999 99999 99999 99999 99999 99999 99999 99999 99999 99999 701 99999 99999 1641 99999 798 99999 99999 99999 99999 99999 99999 99999 99999 99999 1890 145 99999 99999 99999 99999 99999 99999 99999 99999 99999 99999 99999 99999 99999 99999 99999 
1518 1665 417 99999 99999 591 99999 99999 99999 99999 99999 99999 99999 99999 99999 99999 1504 99999 99999 99999 99999 99999 99999 99999 99999 99999 99999 923 99999 1038 99999 99999 1144 99999 99999 99999 632 99999 99999 645 1670 99999 99999 99999 99999 99999 99999 99999 1811 1560 99999 99999 99999 1752 425 1421 99999 99999 99999 99999 99999 99999 99999 877 99999 99999 99999 724 99999 99999 388 99999 763 99999 99999 99999 99999 99999 99999 99999 1935 276 99999 99999 99999 480 99999 99999 1556 99999 99999 1979 99999 99999 99999 99999 99999 99999 99999 99999 
99999 99999 99999 99999 99999 99999 99999 99999 99999 99999 99999 99999 99999 99999 99999 99999 99999 99999 99999 99999 99999 99999 99999 99999 99999 99999 99999 99999 99999 99999 99999 99999 1243 1605 1847 1963 99999 99999 99999 99999 99999 99999 99999 99999 99999 99999 99999 99999 99999 99999 1162 99999 99999 99999 99999 99999 99999 99999 99999 99999 99999 99999 99999 99999 99999 99999 99999 99999 99999 99999 99999 99999 99999 99999 99999 99999 99999 99999 99999 99999 99999 99999 99999 1377 99999 99999 99999 99999 99999 759 99999 99999 199 99999 407 54 99999 746 99999 99999 
99999 99999 85 99999 99999 99999 99999 99999 1006 99999 99999 99999 1728 344 99999 99999 99999 323 99999 99999 99999 99999 597 497 99999 99999 1581 99999 99999 99999 1144 1243 99999 99999 99999 99999 99999 99999 99999 99999 99999 99999 99999 99999 99999 123 306 99999 99999 99999 99999 65 99999 1880 99999 99999 99999 99999 1797 99999 99999 99999 1370 99999 99999 99999 99999 99999 99999 99999 99999 99999 99999 99999 99999 99999 99999 99999 693 99999 99999 99999 1434 1276 382 816 99999 99999 517 99999 99999 99999 99999 99999 99999 99999 99999 99999 99999 99999 
99999 99999 99999 1695 99999 99999 1932 99999 1116 99999 99999 99999 99999 99999 99999 99999 99999 99999 99999 99999 99999 99999 99999 99999 99999 99999 918 99999 99999 99999 99999 1605 99999 99999 901 99999 1265 99999 1466 99999 99999 99999 99999 99999 99999 218 1353 99999 99999 803 99999 247 99999 99999 99999 99999 99999 1889 99999 99999 1072 99999 99999 758 99999 99999 99999 99999 99999 99999 99999 99999 99999 526 99999 755 99999 1923 99999 99999 99999 99999 99999 3 99999 99999 1542 375 1569 99999 293 99999 99999 99999 99999 192 99999 1150 99999 99999 
99999 99999 163 99999 99999 99999 99999 99999 868 99999 99999 99999 16 99999 99999 1640 99999 99999 99999 1037 99999 605 99999 1107 99999 1497 99999 99999 99999 99999 99999 1847 99999 901 99999 99999 99999 1457 279 99999 1676 99999 99999 99999 1898 99999 1910 99999 291 99999 99999 99999 99999 99999 99999 99999 99999 99999 99999 99999 99999 99999 99999 1283 99999 99999 1049 99999 99999 99999 1530 99999 696 99999 99999 99999 529 423 99999 99999 271 99999 99999 99999 99999 99999 99999 99999 99999 99999 99999 99999 99999 99999 99999 462 99999 99999 99999 99999 
99999 99999 99999 99999 99999 99999 99999 99999 99999 589 99999 99999 99999 99999 99999 99999 99999 99999 99999 99999 99999 99999 99999 99999 99999 99999 99999 99999 99999 99999 99999 1963 99999 99999 99999 99999 391 99999 99999 99999 99999 99999 99999 99999 99999 1815 99999 99999 99999 99999 99999 1913 99999 1585 1550 99999 99999 99999 99999 99999 99999 638 99999 99999 1092 99999 99999 99999 99999 99999 99999 99999 252 99999 99999 99999 99999 99999 99999 99999 1122 1881 99999 99999 99999 99999 104 395 99999 99999 99999 99999 99999 99999 99999 99999 263 99999 99999 1779 
1317 99999 99999 99999 823 99999 99999 99999 99999 1734 99999 99999 99999 99999 99999 99999 99999 99999 99999 99999 99999 99999 965 99999 99999 99999 99999 99999 99999 99999 632 99999 99999 1265 99999 391 99999 1309 471 432 1364 936 99999 99999 99999 99999 99999 99999 99999 99999 99999 99999 99999 99999 99999 99999 99999 99999 99999 99999 99999 99999 99999 99999 99999 99999 99999 99999 99999 99999 99999 99999 99999 99999 99999 1126 99999 99999 99999 99999 1691 99999 99999 99999 1063 99999 99999 99999 99999 99999 1980 653 99999 99999 99999 99999 99999 99999 99999 99999 
99999 99999 99999 99999 99999 99999 99999 99999 1233 99999 1692 99999 99999 99999 99999 99999 99999 99999 99999 99999 1612 99999 99999 99999 99999 99999 99999 99999 99999 50 99999 99999 99999 99999 1457 99999 1309 99999 99999 99999 99999 507 99999 99999 99999 99999 99999 99999 99999 99999 99999 99999 99999 99999 99999 1800 99999 99999 1230 404 99999 99999 99999 99999 99999 99999 99999 99999 99999 99999 99999 99999 99999 99999 99999 99999 99999 40 99999 766 99999 99999 99999 99999 99999 99999 99999 99999 99999 1928 99999 99999 99999 99999 1657 1085 99999 99999 99999 99999 
99999 99999 99999 99999 1462 984 99999 99999 99999 99999 99999 99999 99999 1231 99999 99999 99999 99999 99999 99999 99999 99999 99999 327 99999 99999 99999 99999 99999 99999 99999 99999 99999 1466 279 99999 471 99999 99999 99999 99999 99999 99999 99999 99999 99999 99999 99999 99999 1143 99999 99999 99999 99999 99999 119 99999 99999 99999 99999 99999 99999 99999 99999 99999 532 1026 99999 99999 99999 99999 99999 99999 99999 99999 99999 99999 99999 99999 99999 99999 99999 99999 99999 99999 99999 99999 99999 99999 99999 99999 609 99999 99999 99999 99999 99999 99999 99999 99999 
99999 99999 99999 99999 99999 1812 527 99999 99999 99999 99999 99999 99999 99999 99999 99999 99999 99999 844 99999 99999 99999 99999 99999 99999 99999 99999 99999 99999 99999 645 99999 99999 99999 99999 99999 432 99999 99999 99999 99999 99999 99999 99999 482 99999 99999 99999 99999 99999 99999 99999 99999 99999 985 99999 99999 99999 99999 99999 99999 99999 99999 99999 99999 99999 552 99999 99999 99999 99999 99999 99999 99999 99999 99999 99999 989 99999 1356 99999 99999 99999 99999 99999 563 99999 99999 99999 340 1740 47 602 99999 633 673 99999 99999 99999 1412 
91 99999 99999 99999 99999 99999 587 99999 99999 99999 99999 99999 99999 99999 99999 99999 99999 99999 99999 99999 1351 99999 99999 99999 99999 99999 99999 254 99999 99999 1670 99999 99999 99999 1676 99999 1364 99999 99999 99999 99999 99999 99999 99999 99999 99999 99999 99999 99999 99999 99999 99999 99999 99999 99999 99999 99999 99999 578 1387 99999 99999 99999 629 99999 99999 99999 1688 1922 99999 99999 99999 99999 1613 99999 99999 99999 99999 99999 99999 99999 99999 1391 99999 99999 99999 99999 99999 99999 99999 1404 857 77 99999 301 99999 99999 99999 99999 99999 
99999 99999 99999 99999 99999 99999 99999 99999 99999 99999 99999 99999 99999 99999 99999 99999 99999 99999 99999 99999 99999 99999 99999 99999 99999 99999 99999 604 99999 99999 99999 99999 99999 99999 99999 99999 936 507 99999 99999 99999 99999 99999 99999 99999 99999 99999 99999 99999 99999 99999 99999 99999 99999 99999 1113 99999 99999 99999 1128 99999 99999 99999 1281 99999 903 1954 99999 362 99999 99999 99999 99999 99999 99999 99999 523 818 99999 99999 1972 99999 99999 99999 840 99999 99999 99999 99999 99999 99999 99999 99999 99999 99999 99999 99999 99999 99999 64 
99999 99999 99999 1470 99999 99999 99999 99999 99999 459 99999 99999 99999 99999 99999 99999 1169 99999 99999 99999 99999 99999 99999 709 664 99999 1362 1903 99999 99999 99999 99999 99999 99999 99999 99999 99999 99999 99999 99999 99999 99999 99999 1217 1182 378 474 736 1337 838 99999 99999 99999 99999 360 99999 99999 167 99999 99999 99999 99999 99999 99999 99999 1228 99999 99999 99999 99999 99999 99999 99999 1891 99999 99999 99999 99999 99999 99999 99999 99999 99999 1681 99999 99999 99999 99999 99999 99999 99999 99999 99999 99999 99999 99999 99999 99999 99999 99999 
99999 99999 99999 99999 99999 99999 99999 99999 99999 99999 99999 99999 1503 99999 99999 1990 99999 99999 99999 18 794 99999 99999 99999 99999 99999 99999 99999 99999 99999 99999 99999 99999 99999 99999 99999 99999 99999 99999 99999 99999 99999 1217 99999 99999 99999 99999 99999 99999 99999 1153 1345 99999 99999 99999 99999 99999 99999 99999 99999 99999 99999 99999 99999 99999 99999 99999 99999 99999 99999 99999 99999 1646 99999 99999 99999 99999 1272 99999 99999 99999 99999 99999 99999 99999 99999 99999 99999 99999 99999 99999 99999 833 99999 99999 99999 99999 99999 1863 99999 
99999 99999 99999 99999 99999 692 99999 99999 99999 99999 99999 99999 99999 618 99999 99999 99999 99999 99999 99999 99999 99999 99999 99999 393 1668 1102 1739 99999 99999 99999 99999 99999 99999 1898 99999 99999 99999 99999 482 99999 99999 1182 99999 99999 1830 99999 99999 99999 606 894 99999 99999 99999 99999 99999 99999 747 99999 99999 99999 99999 99999 99999 99999 99999 99999 745 99999 550 99999 1769 315 1904 441 99999 99999 99999 99999 99999 99999 99999 99999 99999 99999 99999 99999 99999 99999 99999 99999 99999 943 944 99999 99999 99999 99999 1117 99999 
99999 99999 99999 99999 99999 422 99999 99999 99999 99999 99999 99999 99999 99999 99999 99999 99999 99999 99999 99999 99999 99999 24 99999 99999 99999 99999 99999 99999 99999 99999 99999 123 218 99999 1815 99999 99999 99999 99999 99999 99999 378 99999 1830 99999 99999 735 99999 99999 99999 680 99999 544 99999 99999 99999 99999 99999 99999 99999 99999 99999 863 99999 99999 99999 99999 99999 99999 99999 99999 99999 99999 99999 99999 99999 99999 1178 99999 99999 99999 99999 99999 99999 812 99999 1687 99999 99999 99999 99999 99999 99999 99999 99999 99999 99999 99999 99999 
1909 99999 99999 99999 99999 99999 428 585 99999 99999 99999 99999 1209 99999 99999 99999 99999 99999 99999 1659 99999 99999 1251 99999 99999 99999 521 99999 99999 1266 99999 99999 306 1353 1910 99999 99999 99999 99999 99999 99999 99999 474 99999 99999 99999 99999 99999 99999 99999 99999 1735 99999 99999 99999 99999 99999 99999 99999 99999 329 99999 1567 99999 99999 99999 162 99999 99999 1225 99999 99999 99999 99999 99999 99999 99999 99999 99999 1614 71 99999 99999 99999 767 99999 99999 99999 130 99999 99999 99999 99999 99999 99999 99999 99999 99999 99999 99999 
99999 99999 99999 99999 99999 1653 1491 99999 99999 99999 99999 99999 1064 99999 99999 99999 99999 99999 99999 66 27 99999 99999 99999 99999 99999 99999 386 99999 99999 99999 99999 99999 99999 99999 99999 99999 99999 99999 99999 99999 99999 736 99999 99999 735 99999 99999 99999 99999 99999 99999 99999 99999 99999 99999 99999 99999 99999 99999 99999 99999 99999 99999 1160 99999 99999 99999 99999 99999 99999 99999 99999 99999 99999 99999 99999 99999 99999 99999 99999 99999 99999 99999 99999 396 99999 99999 99999 99999 99999 99999 99999 99999 99999 99999 299 1509 1965 457 
99999 99999 99999 99999 99999 99999 99999 99999 99999 99999 99999 99999 99999 99999 99999 506 99999 99999 99999 99999 99999 99999 99999 99999 99999 99999 520 368 99999 99999 1811 99999 99999 99999 291 99999 99999 99999 99999 99999 99999 99999 1337 99999 99999 99999 99999 99999 99999 99999 99999 99999 99999 99999 1500 99999 99999 99999 99999 99999 99999 99999 99999 357 99999 99999 99999 99999 99999 99999 99999 153 99999 99999 99999 1506 99999 99999 99999 99999 356 99999 99999 99999 1757 99999 99999 99999 99999 328 1282 99999 99999 99999 1054 830 99999 278 99999 99999 
99999 99999 1907 99999 99999 577 99999 99999 99999 99999 1992 99999 99999 99999 99999 99999 99999 99999 99999 99999 99999 883 99999 229 1679 99999 99999 99999 99999 1312 1560 99999 99999 803 99999 99999 99999 99999 1143 99999 99999 99999 838 99999 606 99999 99999 99999 99999 99999 99999 99999 99999 99999 92 99999 99999 836 99999 1086 1854 99999 99999 99999 458 99999 99999 99999 1555 1416 99999 99999 99999 811 99999 99999 99999 99999 945 99999 99999 99999 99999 99999 1758 99999 99999 99999 99999 99999 99999 99999 99999 99999 99999 195 99999 99999 99999 99999 
99999 99999 99999 99999 99999 99999 99999 99999 99999 99999 99999 99999 99999 99999 99999 99999 99999 99999 99999 99999 99999 99999 99999 1623 1638 99999 99999 99999 99999 99999 99999 1162 99999 99999 99999 99999 99999 99999 99999 99999 99999 99999 99999 1153 894 99999 99999 99999 99999 99999 99999 99999 99999 99999 765 1582 1158 99999 1089 99999 99999 99999 99999 498 99999 99999 99999 1454 1288 99999 341 99999 99999 99999 99999 99999 99999 99999 99999 99999 99999 99999 1931 99999 99999 99999 99999 99999 99999 99999 99999 99999 99999 99999 99999 99999 99999 99999 99999 99999 
99999 99999 99999 99999 586 99999 1183 99999 1438 99999 99999 99999 99999 99999 1229 99999 99999 99999 535 99999 99999 99999 99999 99999 99999 760 99999 99999 1621 99999 99999 99999 65 247 99999 1913 99999 99999 99999 99999 99999 99999 99999 1345 99999 680 1735 99999 99999 99999 99999 99999 99999 99999 1521 99999 99999 1271 819 99999 99999 99999 99999 99999 99999 99999 99999 99999 99999 99999 99999 99999 99999 691 99999 99999 99999 99999 99999 99999 99999 99999 99999 1195 99999 99999 99999 99999 99999 99999 99999 99999 99999 99999 99999 99999 1254 99999 99999 99999 
99999 99999 899 99999 99999 99999 99999 99999 99999 99999 99999 99999 99999 99999 99999 99999 99999 795 99999 99999 99999 99999 530 99999 99999 785 99999 99999 99999 99999 99999 99999 99999 99999 99999 99999 99999 99999 99999 99999 99999 99999 99999 99999 99999 99999 99999 99999 99999 99999 99999 99999 99999 184 99999 99999 99999 99999 99999 146 99999 99999 99999 99999 99999 99999 99999 99999 1796 99999 1708 99999 99999 1429 99999 99999 99999 99999 99999 99999 1052 1244 625 99999 99999 99999 99999 99999 99999 775 99999 99999 99999 99999 99999 99999 99999 99999 99999 99999 
99999 99999 1478 99999 99999 99999 546 1596 99999 1383 99999 99999 99999 99999 99999 99999 99999 99999 99999 99999 99999 99999 99999 99999 1499 99999 99999 190 99999 99999 1752 99999 1880 99999 99999 1585 99999 99999 99999 99999 99999 99999 99999 99999 99999 544 99999 99999 99999 99999 99999 99999 184 99999 99999 99999 99999 99999 99999 99999 99999 1622 99999 99999 99999 99999 99999 1482 78 99999 1166 99999 99999 565 99999 99999 99999 99999 99999 99999 99999 99999 99999 99999 99999 567 99999 99999 99999 99999 99999 951 1589 99999 99999 867 99999 555 99999 99999 
99999 99999 314 99999 99999 99999 99999 99999 99999 99999 99999 99999 99999 929 99999 99999 99999 99999 99999 99999 99999 99999 99999 99999 175 99999 99999 99999 99999 99999 425 99999 99999 99999 99999 1550 99999 99999 99999 985 99999 99999 360 99999 99999 99999 99999 99999 1500 92 765 1521 99999 99999 99999 99999 99999 99999 99999 99999 1821 165 99999 99999 99999 99999 99999 99999 99999 99999 99999 99999 99999 99999 99999 99999 99999 99999 99999 99999 99999 99999 99999 90 99999 905 330 99999 99999 99999 99999 99999 99999 99999 99999 99999 99999 705 99999 99999 
99999 99999 397 99999 99999 668 1057 160 99999 99999 385 99999 99999 99999 99999 99999 99999 99999 99999 99999 99999 99999 99999 551 99999 99999 99999 99999 99999 99999 1421 99999 99999 99999 99999 99999 99999 1800 119 99999 99999 1113 99999 99999 99999 99999 99999 99999 99999 99999 1582 99999 99999 99999 99999 99999 99999 99999 99999 99999 99999 99999 99999 99999 99999 1422 99999 99999 99999 99999 99999 99999 1565 99999 99999 1983 99999 99999 99999 99999 99999 99999 99999 99999 99999 1784 99999 99999 99999 99999 1918 99999 99999 99999 99999 99999 99999 99999 39 1874 
99999 99999 1824 99999 99999 99999 99999 99999 35 99999 1753 99999 99999 99999 99999 99999 1071 99999 99999 99999 99999 99999 99999 99999 99999 99999 540 99999 99999 99999 99999 99999 99999 99999 99999 99999 99999 99999 99999 99999 99999 99999 99999 99999 99999 99999 99999 99999 99999 99999 1158 99999 99999 99999 99999 99999 99999 99999 99999 99999 99999 99999 99999 1825 99999 99999 99999 99999 99999 99999 99999 99999 1540 99999 99999 1617 99999 99999 99999 99999 99999 99999 99999 99999 99999 99999 99999 1073 99999 99999 99999 99999 925 490 99999 1447 1539 99999 99999 99999 
1087 99999 1995 99999 99999 99999 99999 99999 494 675 99999 99999 99999 99999 99999 707 99999 99999 99999 99999 1015 1445 559 99999 99999 99999 99999 99999 312 86 99999 99999 99999 1889 99999 99999 99999 99999 99999 99999 99999 99999 167 99999 747 99999 99999 99999 99999 836 99999 1271 99999 99999 99999 99999 99999 99999 99999 99999 1831 99999 99999 99999 99999 99999 99999 99999 99999 99999 1916 99999 434 1082 99999 99999 1041 99999 99999 99999 99999 99999 99999 99999 99999 99999 15 99999 99999 1145 99999 99999 99999 99999 99999 99999 99999 394 99999 99999 
99999 99999 1094 99999 99999 99999 99999 99999 99999 288 677 99999 99999 99999 99999 99999 99999 99999 99999 99999 1343 99999 99999 99999 99999 99999 387 99999 99999 99999 99999 99999 1797 99999 99999 99999 99999 1230 99999 99999 578 99999 99999 99999 99999 99999 99999 99999 99999 99999 1089 819 99999 99999 99999 99999 99999 99999 99999 99999 99999 99999 99999 99999 99999 99999 99999 99999 676 99999 99999 99999 99999 99999 99999 99999 99999 99999 99999 99999 99999 99999 99999 99999 99999 99999 1933 99999 99999 298 99999 99999 99999 99999 99999 99999 99999 99999 99999 99999 
99999 1862 98 1065 1635 99999 99999 99999 99999 99999 99999 99999 99999 595 99999 99999 99999 99999 850 1363 99999 99999 99999 45 99999 99999 99999 1310 99999 99999 99999 99999 99999 99999 99999 99999 99999 404 99999 99999 1387 1128 99999 99999 99999 99999 99999 99999 99999 1086 99999 99999 146 99999 99999 99999 99999 99999 99999 99999 99999 99999 99999 99999 99999 99999 99999 99999 99999 99999 99999 99999 1694 99999 99999 99999 1439 99999 99999 1966 570 99999 99999 99999 158 99999 1799 99999 99999 99999 99999 99999 99999 99999 99999 99999 99999 99999 99999 99999 
99999 99999 99999 99999 99999 99999 99999 99999 99999 99999 99999 1459 536 99999 99999 99999 1441 99999 99999 99999 99999 99999 99999 99999 99999 702 99999 99999 99999 99999 99999 99999 99999 1072 99999 99999 99999 99999 99999 99999 99999 99999 99999 99999 99999 99999 329 99999 99999 1854 99999 99999 99999 99999 1821 99999 99999 1831 99999 99999 99999 1566 1264 1137 776 156 99999 99999 99999 99999 1697 99999 99999 99999 99999 99999 99999 99999 1451 99999 99999 99999 1191 990 99999 99999 99999 99999 1255 99999 154 99999 99999 99999 99999 1206 1005 99999 99999 99999 
99999 99999 99999 99999 99999 99999 1853 99999 99999 1444 1925 99999 99999 99999 99999 99999 99999 1999 1703 99999 1804 99999 1348 99999 99999 99999 99999 99999 99999 99999 99999 99999 99999 99999 99999 638 99999 99999 99999 99999 99999 99999 99999 99999 99999 99999 99999 99999 99999 99999 99999 99999 99999 1622 165 99999 99999 99999 99999 99999 1566 99999 99999 99999 99999 99999 99999 99999 99999 99999 99999 99999 99999 83 99999 99999 1832 99999 99999 99999 258 1045 99999 99999 99999 99999 99999 99999 99999 99999 99999 862 99999 99999 99999 99999 99999 875 99999 99999 
99999 99999 99999 99999 99999 1390 483 99999 99999 99999 99999 99999 99999 99999 99999 1636 1742 99999 99999 99999 99999 149 1810 99999 99999 99999 99999 99999 99999 99999 99999 99999 1370 99999 99999 99999 99999 99999 99999 99999 99999 99999 99999 99999 99999 99999 1567 99999 99999 99999 99999 99999 99999 99999 99999 99999 99999 99999 99999 99999 1264 99999 99999 99999 99999 99999 99999 99999 99999 99999 99999 99999 99999 99999 924 99999 99999 99999 99999 217 99999 99999 99999 1299 99999 99999 99999 492 4 1689 174 99999 99999 99999 99999 99999 99999 99999 147 99999 
99999 99999 99999 99999 99999 1839 99999 99999 99999 1027 99999 99999 99999 99999 99999 57 99999 99999 99999 99999 99999 99999 99999 99999 99999 99999 1498 99999 99999 99999 877 99999 99999 758 1283 99999 99999 99999 99999 99999 629 1281 99999 99999 99999 863 99999 99999 357 99999 498 99999 99999 99999 99999 99999 1825 99999 99999 99999 1137 99999 99999 99999 99999 99999 1940 99999 99999 99999 99999 99999 99999 99999 99999 99999 99999 1250 99999 99999 472 69 99999 236 99999 99999 99999 99999 99999 99999 99999 99999 99999 99999 99999 99999 99999 99999 99999 99999 
99999 99999 99999 99999 99999 99999 267 99999 99999 99999 99999 99999 99999 99999 99999 99999 99999 1712 832 99999 1745 99999 99999 99999 99999 99999 1637 99999 99999 99999 99999 99999 99999 99999 99999 1092 99999 99999 99999 99999 99999 99999 99999 99999 99999 99999 99999 1160 99999 458 99999 99999 99999 99999 99999 99999 99999 99999 99999 99999 776 99999 99999 99999 99999 99999 99999 1458 99999 99999 99999 99999 99999 99999 1397 99999 99999 99999 99999 1285 99999 294 99999 99999 99999 411 99999 99999 99999 706 99999 99999 99999 99999 99999 99999 99999 99999 99999 99999 
99999 99999 99999 99999 99999 99999 99999 99999 690 1885 99999 99999 187 99999 99999 975 99999 99999 99999 59 971 99999 99999 99999 99999 99999 99999 99999 99999 99999 99999 99999 99999 99999 99999 99999 99999 99999 532 99999 99999 903 1228 99999 99999 99999 99999 99999 99999 99999 99999 99999 99999 99999 99999 1422 99999 99999 99999 99999 156 99999 99999 99999 99999 99999 1325 331 99999 872 99999 99999 1239 99999 1407 99999 99999 99999 99999 1882 99999 99999 99999 99999 99999 99999 99999 99999 99999 99999 99999 53 99999 99999 99999 99999 99999 99999 99999 1208 
99999 99999 99999 99999 99999 99999 99999 99999 1477 99999 1541 99999 99999 1547 99999 1091 99999 99999 99999 99999 99999 99999 99999 99999 99999 99999 99999 99999 1711 99999 99999 99999 99999 99999 1049 99999 99999 99999 1026 552 99999 1954 99999 99999 99999 99999 162 99999 99999 99999 99999 99999 99999 99999 99999 99999 99999 99999 99999 99999 99999 99999 99999 1940 99999 1325 99999 1103 99999 1483 99999 1192 99999 1148 99999 99999 99999 99999 99999 777 99999 99999 99999 99999 99999 99999 14 99999 1973 99999 99999 99999 99999 99999 99999 99999 99999 99999 99999 99999 
99999 99999 1074 99999 1308 99999 99999 99999 522 99999 99999 99999 99999 99999 99999 81 99999 99999 99999 99999 99999 99999 374 99999 1388 99999 99999 99999 286 99999 724 99999 99999 99999 99999 99999 99999 99999 99999 99999 1688 99999 99999 99999 745 99999 99999 99999 99999 99999 1454 99999 99999 1482 99999 99999 99999 99999 99999 99999 99999 99999 99999 99999 1458 331 1103 99999 99999 99999 827 99999 99999 99999 99999 99999 99999 99999 99999 99999 99999 99999 1365 99999 99999 1970 99999 99999 960 99999 99999 439 1803 99999 99999 99999 99999 99999 99999 99999 
99999 1901 99999 1090 99999 99999 99999 99999 99999 99999 99999 99999 308 99999 99999 860 99999 99999 99999 99999 99999 99999 1307 99999 99999 99999 99999 99999 99999 701 99999 99999 99999 99999 99999 99999 99999 99999 99999 99999 1922 362 99999 99999 99999 99999 99999 99999 99999 1555 1288 99999 1796 78 99999 99999 99999 99999 676 99999 99999 99999 99999 99999 99999 99999 99999 99999 99999 99999 99999 99999 1962 99999 99999 99999 99999 99999 99999 851 99999 99999 99999 99999 99999 99999 99999 1463 99999 99999 99999 99999 99999 99999 99999 1023 99999 1850 215 99999 
99999 99999 99999 99999 99999 99999 1886 99999 99999 99999 99999 834 99999 99999 99999 658 915 99999 113 99999 99999 99999 99999 99999 367 1924 99999 99999 99999 99999 99999 99999 99999 99999 99999 99999 99999 99999 99999 99999 99999 99999 99999 99999 550 99999 1225 99999 99999 1416 99999 99999 99999 99999 99999 99999 99999 99999 99999 99999 99999 99999 99999 99999 99999 872 1483 99999 99999 99999 99999 99999 99999 99999 1658 99999 465 99999 99999 1376 99999 99999 99999 1906 99999 627 99999 1332 700 99999 99999 99999 727 1111 99999 99999 99999 361 99999 1958 
99999 99999 99999 1887 99999 99999 99999 99999 1743 99999 1186 99999 99999 99999 99999 99999 99999 99999 99999 99999 99999 99999 99999 954 1436 99999 99999 99999 99999 99999 388 99999 99999 99999 1530 99999 99999 99999 99999 99999 99999 99999 99999 99999 99999 99999 99999 99999 99999 99999 341 99999 1708 1166 99999 99999 99999 1916 99999 99999 1697 99999 99999 99999 99999 99999 99999 827 99999 99999 99999 470 99999 99999 99999 723 99999 99999 99999 99999 99999 99999 99999 99999 99999 99999 99999 99999 711 99999 1402 99999 99999 99999 99999 99999 99999 99999 1951 99999 
99999 99999 99999 1726 99999 99999 99999 99999 99999 99999 99999 99999 99999 99999 99999 99999 99999 99999 99999 99999 1328 99999 99999 99999 99999 99999 99999 99999 99999 1641 99999 99999 99999 99999 99999 99999 99999 99999 99999 99999 99999 99999 99999 99999 1769 99999 99999 99999 153 99999 99999 99999 99999 99999 99999 99999 99999 99999 99999 99999 99999 99999 99999 99999 99999 99999 1192 99999 99999 99999 470 99999 99999 99999 99999 682 99999 99999 99999 99999 99999 99999 99999 99999 99999 99999 99999 99999 99999 99999 99999 99999 99999 99999 99999 634 99999 99999 99999 99999 
99999 99999 99999 99999 99999 99999 241 99999 99999 99999 99999 99999 99999 99999 99999 99999 876 1912 99999 99999 99999 99999 99999 99999 99999 99999 99999 99999 99999 99999 763 99999 99999 99999 696 252 99999 99999 99999 99999 99999 99999 99999 1646 315 99999 99999 99999 99999 99999 99999 99999 99999 99999 99999 1565 1540 434 99999 1694 99999 99999 99999 99999 99999 1239 99999 99999 1962 99999 99999 99999 99999 1173 99999 99999 296 99999 99999 99999 99999 99999 1580 583 99999 99999 99999 99999 99999 99999 99999 99999 99999 99999 1119 99999 99999 99999 99999 99999 
99999 99999 99999 99999 99999 99999 1626 921 99999 99999 99999 99999 99999 99999 99999 99999 99999 99999 1920 289 99999 99999 99999 99999 99999 99999 60 99999 99999 798 99999 99999 99999 526 99999 99999 99999 99999 99999 99999 1613 99999 1891 99999 1904 99999 99999 99999 99999 811 99999 691 1429 565 99999 99999 99999 1082 99999 99999 99999 83 99999 99999 99999 99999 1148 99999 99999 99999 99999 99999 1173 99999 99999 99999 349 99999 99999 99999 1314 99999 99999 99999 99999 99999 99999 99999 1650 99999 99999 265 99999 99999 99999 99999 566 99999 99999 99999 
99999 99999 99999 934 99999 99999 99999 99999 99999 99999 99999 99999 99999 99999 99999 99999 99999 99999 99999 814 99999 99999 99999 99999 99999 99999 99999 99999 99999 99999 99999 99999 99999 99999 99999 99999 99999 99999 99999 99999 99999 99999 99999 99999 441 99999 99999 99999 99999 99999 99999 99999 99999 99999 99999 99999 99999 99999 99999 99999 99999 99999 924 99999 1397 1407 99999 99999 99999 1658 99999 99999 99999 99999 99999 99999 99999 99999 99999 99999 99999 871 779 99999 99999 345 1786 99999 99999 99999 168 99999 99999 99999 99999 99999 99999 99999 99999 99999 
99999 1155 99999 99999 1878 99999 99999 1330 1768 1953 99999 1359 1075 48 99999 99999 99999 99999 99999 99999 438 89 99999 99999 99999 99999 1175 99999 99999 99999 99999 99999 99999 755 99999 99999 1126 99999 99999 99999 99999 99999 99999 99999 99999 99999 99999 99999 1506 99999 99999 99999 99999 99999 99999 1983 1617 99999 99999 99999 99999 99999 99999 99999 99999 99999 99999 99999 99999 99999 723 682 99999 99999 99999 99999 1263 1341 1012 1789 99999 99999 99999 99999 99999 99999 99999 99999 99999 99999 99999 99999 99999 99999 99999 377 99999 99999 99999 99999 
99999 99999 99999 99999 339 99999 99999 99999 99999 1201 99999 99999 99999 1051 99999 99999 99999 99999 99999 99999 99999 99999 99999 99999 99999 99999 99999 99999 1599 99999 99999 99999 99999 99999 529 99999 99999 99999 99999 99999 99999 523 99999 99999 99999 99999 99999 99999 99999 99999 99999 99999 99999 99999 99999 99999 99999 1041 99999 1439 99999 1832 99999 99999 99999 99999 99999 99999 99999 465 99999 99999 296 349 99999 1263 99999 99999 99999 99999 99999 99999 99999 99999 99999 99999 644 970 99999 99999 99999 99999 99999 568 1384 99999 99999 99999 99999 99999 
99999 99999 468 99999 554 99999 99999 99999 99999 99999 99999 99999 99999 99999 99999 99999 99999 99999 99999 99999 99999 99999 806 1224 99999 99999 1129 58 99999 99999 99999 99999 99999 1923 423 99999 99999 40 99999 989 99999 818 99999 1272 99999 99999 99999 99999 99999 99999 99999 99999 99999 99999 99999 99999 99999 99999 99999 99999 99999 99999 99999 1250 99999 99999 99999 99999 99999 99999 99999 99999 99999 99999 99999 1341 99999 99999 99999 1823 99999 1034 99999 99999 99999 99999 99999 1003 99999 99999 99999 99999 99999 99999 238 99999 1894 99999 749 99999 
99999 99999 99999 99999 99999 99999 99999 99999 99999 99999 99999 1132 452 99999 99999 99999 150 133 99999 99999 99999 99999 99999 99999 99999 99999 99999 99999 99999 99999 99999 99999 693 99999 99999 99999 99999 99999 99999 99999 99999 99999 99999 99999 99999 1178 99999 99999 99999 945 99999 99999 99999 99999 99999 99999 99999 99999 99999 99999 1451 99999 99999 99999 99999 99999 99999 99999 99999 99999 99999 99999 99999 99999 99999 1012 99999 99999 99999 99999 937 99999 202 264 99999 99999 99999 99999 99999 99999 99999 99999 99999 1718 99999 99999 99999 99999 99999 99999 
99999 99999 99999 99999 99999 1817 1324 99999 99999 802 99999 1527 370 99999 99999 99999 99999 99999 99999 99999 524 99999 99999 99999 99999 99999 99999 1227 99999 99999 99999 99999 99999 99999 99999 99999 99999 766 99999 1356 99999 99999 99999 99999 99999 99999 1614 99999 99999 99999 99999 99999 99999 99999 99999 99999 99999 99999 99999 1966 99999 99999 217 99999 1285 1882 777 99999 851 1376 99999 99999 99999 99999 99999 1789 99999 1823 99999 99999 1487 99999 99999 99999 99999 99999 99999 99999 99999 304 99999 1572 99999 99999 99999 99999 99999 99999 99999 319 
99999 99999 99999 99999 99999 1716 1838 99999 99999 1842 99999 99999 99999 99999 99999 99999 99999 99999 99999 99999 99999 99999 99999 99999 442 99999 1671 99999 1770 99999 1935 99999 99999 99999 271 1122 1691 99999 99999 99999 99999 1972 99999 99999 99999 99999 71 99999 356 99999 99999 99999 1052 99999 99999 99999 99999 99999 99999 570 99999 258 99999 472 99999 99999 99999 99999 99999 99999 99999 99999 99999 1314 99999 99999 99999 99999 937 1487 99999 99999 99999 99999 99999 99999 99999 99999 1456 49 99999 99999 99999 1760 99999 99999 1379 1080 1171 1616 
99999 99999 99999 99999 99999 99999 99999 99999 99999 99999 99999 99999 1423 99999 99999 99999 99999 99999 99999 99999 99999 99999 99999 503 99999 99999 99999 99999 99999 99999 276 99999 99999 99999 99999 1881 99999 99999 99999 99999 99999 99999 99999 99999 99999 99999 99999 99999 99999 99999 99999 99999 1244 99999 99999 99999 99999 99999 99999 99999 99999 1045 99999 69 294 99999 99999 99999 99999 99999 99999 99999 99999 99999 871 99999 99999 1034 99999 99999 99999 99999 1604 99999 654 99999 99999 99999 99999 99999 99999 99999 99999 99999 99999 1805 99999 99999 99999 99999 
99999 996 99999 99999 99999 99999 99999 99999 99999 99999 99999 1246 99999 99999 99999 99999 99999 99999 641 99999 99999 99999 1125 889 99999 99999 99999 99999 99999 99999 99999 99999 1434 99999 99999 99999 99999 99999 99999 99999 1391 99999 99999 99999 99999 99999 99999 99999 99999 99999 1931 99999 625 99999 99999 99999 99999 99999 99999 99999 1191 99999 99999 99999 99999 99999 99999 1365 99999 99999 99999 99999 1580 99999 779 99999 99999 99999 202 99999 99999 1604 99999 99999 99999 1372 99999 99999 99999 116 99999 99999 1232 99999 99999 1431 99999 99999 99999 1490 
99999 99999 99999 99999 1140 99999 99999 99999 99999 99999 99999 99999 99999 99999 99999 1432 99999 99999 99999 99999 99999 99999 99999 99999 99999 99999 99999 99999 99999 1890 99999 1377 1276 3 99999 99999 99999 99999 99999 99999 99999 99999 1681 99999 99999 99999 99999 99999 99999 99999 99999 1195 99999 99999 90 99999 99999 99999 99999 99999 990 99999 1299 236 99999 99999 99999 99999 99999 1906 99999 99999 583 99999 99999 99999 99999 99999 264 99999 99999 99999 99999 99999 837 114 1741 99999 99999 99999 99999 99999 99999 99999 99999 99999 99999 99999 99999 99999 
99999 99999 99999 99999 496 157 99999 99999 99999 99999 1597 99999 99999 99999 99999 99999 99999 99999 99999 99999 99999 99999 99999 99999 99999 1134 99999 99999 99999 145 99999 99999 382 99999 99999 99999 1063 99999 99999 99999 99999 840 99999 99999 99999 99999 767 99999 1757 1758 99999 99999 99999 99999 99999 99999 99999 99999 99999 158 99999 99999 99999 99999 99999 99999 99999 99999 99999 99999 99999 99999 99999 99999 99999 99999 99999 99999 99999 99999 99999 654 99999 837 99999 99999 1510 99999 99999 99999 99999 99999 99999 99999 99999 99999 99999 99999 99999 99999 
1220 99999 99999 99999 99999 99999 99999 99999 99999 99999 99999 99999 1905 42 1124 99999 99999 99999 99999 99999 99999 99999 200 99999 99999 99999 99999 99999 99999 99999 480 99999 816 99999 99999 99999 99999 99999 99999 563 99999 99999 99999 99999 99999 812 99999 396 99999 99999 99999 99999 99999 567 905 1784 99999 99999 99999 99999 99999 99999 99999 99999 411 99999 99999 1970 99999 627 99999 99999 99999 99999 345 99999 99999 99999 99999 99999 99999 99999 1372 114 99999 99999 1097 99999 99999 99999 99999 99999 99999 99999 487 1998 99999 99999 99999 99999 
99999 99999 96 541 99999 99999 99999 99999 99999 99999 99999 99999 99999 99999 99999 99999 99999 99999 99999 516 435 99999 99999 99999 99999 1303 99999 99999 99999 99999 99999 99999 99999 1542 99999 104 99999 99999 99999 99999 99999 99999 99999 99999 99999 99999 99999 99999 99999 99999 99999 99999 99999 99999 330 99999 99999 15 1933 1799 99999 99999 99999 99999 99999 99999 14 99999 99999 99999 99999 99999 99999 99999 1786 99999 644 99999 99999 99999 99999 99999 99999 1741 1510 1097 99999 99999 99999 99999 99999 99999 99999 99999 1801 99999 99999 99999 99999 99999 
99999 99999 99999 99999 99999 721 99999 1066 99999 99999 99999 128 99999 99999 99999 99999 613 1884 99999 99999 99999 99999 99999 99999 99999 678 99999 99999 99999 99999 99999 99999 99999 375 99999 395 99999 99999 99999 99999 99999 99999 99999 99999 99999 1687 99999 99999 99999 99999 99999 99999 99999 99999 99999 99999 1073 99999 99999 99999 99999 99999 492 99999 99999 99999 99999 99999 1463 1332 99999 99999 99999 99999 99999 99999 970 1003 99999 99999 99999 99999 99999 99999 99999 99999 99999 99999 608 99999 99999 99999 739 99999 99999 99999 99999 99999 99999 99999 
99999 99999 99999 99999 99999 99999 99999 99999 99999 99999 99999 99999 99999 1513 99999 99999 99999 99999 99999 343 99999 99999 99999 99999 99999 99999 99999 99999 99999 99999 1556 99999 517 1569 99999 99999 99999 99999 99999 99999 99999 99999 99999 99999 99999 99999 130 99999 99999 99999 99999 99999 99999 99999 99999 99999 99999 99999 99999 99999 1255 99999 4 99999 99999 99999 1973 960 99999 700 711 99999 99999 1650 99999 99999 99999 99999 99999 99999 1456 99999 99999 99999 99999 99999 99999 608 99999 99999 99999 99999 99999 665 99999 99999 99999 99999 99999 99999 
99999 99999 99999 99999 473 335 1219 99999 1115 99999 99999 1197 99999 99999 99999 99999 715 1806 99999 99999 99999 99999 99999 933 1261 1982 99999 99999 99999 99999 99999 759 99999 99999 99999 99999 99999 1928 99999 340 99999 99999 99999 99999 99999 99999 99999 99999 328 99999 99999 99999 775 99999 99999 99999 99999 1145 298 99999 99999 99999 1689 99999 706 99999 99999 99999 99999 99999 99999 99999 99999 99999 99999 99999 99999 99999 99999 304 49 99999 116 99999 99999 99999 99999 99999 99999 99999 99999 99999 99999 99999 99999 415 99999 99999 99999 99999 
99999 99999 1446 99999 581 99999 99999 99999 99999 99999 99999 99999 99999 99999 99999 99999 99999 99999 843 99999 115 99999 99999 99999 99999 99999 99999 99999 99999 99999 99999 99999 99999 293 99999 99999 1980 99999 99999 1740 1404 99999 99999 99999 99999 99999 99999 99999 1282 99999 99999 99999 99999 99999 99999 1918 99999 99999 99999 99999 154 99999 174 99999 99999 99999 99999 99999 99999 99999 1402 99999 99999 99999 168 99999 99999 99999 99999 99999 99999 99999 99999 99999 99999 99999 99999 99999 99999 99999 99999 99999 99999 99999 99999 99999 99999 1289 99999 99999 
99999 99999 99999 99999 99999 99999 99999 99999 2 99999 99999 99999 99999 208 99999 99999 99999 1425 151 99999 99999 99999 99999 99999 782 99999 792 912 99999 99999 1979 99999 99999 99999 99999 99999 653 99999 609 47 857 99999 99999 99999 99999 99999 99999 99999 99999 99999 99999 99999 99999 951 99999 99999 99999 99999 99999 99999 99999 862 99999 99999 99999 53 99999 439 99999 99999 99999 99999 99999 265 99999 99999 99999 99999 99999 1572 99999 99999 99999 99999 99999 99999 99999 99999 99999 99999 99999 99999 99999 99999 99999 1844 99999 99999 99999 99999 
99999 99999 99999 99999 99999 99999 1352 99999 99999 99999 1002 99999 99999 244 99999 99999 99999 99999 1218 99999 99999 99999 99999 99999 99999 1196 99999 1067 99999 99999 99999 199 99999 99999 99999 99999 99999 99999 99999 602 77 99999 99999 833 943 99999 99999 99999 99999 99999 99999 99999 99999 1589 99999 99999 925 99999 99999 99999 99999 99999 99999 99999 99999 99999 99999 1803 99999 727 99999 99999 99999 99999 99999 99999 99999 99999 99999 99999 99999 99999 1232 99999 99999 99999 99999 739 99999 99999 99999 99999 99999 99999 1502 99999 99999 99999 99999 99999 
99999 99999 99999 99999 99999 99999 99999 1706 99999 99999 99999 1587 99999 99999 99999 99999 99999 99999 99999 99999 99999 99999 99999 902 99999 99999 99999 99999 99999 99999 99999 99999 99999 99999 99999 99999 99999 99999 99999 99999 99999 99999 99999 99999 944 99999 99999 99999 99999 99999 99999 99999 99999 99999 99999 99999 490 99999 99999 99999 99999 99999 99999 99999 99999 99999 99999 99999 99999 1111 99999 99999 99999 99999 99999 99999 568 99999 1718 99999 1760 99999 99999 99999 99999 99999 99999 99999 665 99999 99999 99999 99999 99999 99999 545 99999 99999 99999 99999 
99999 99999 99999 99999 99999 99999 99999 99999 99999 99999 99999 1943 1701 99999 99999 99999 99999 1047 99999 99999 99999 99999 99999 99999 99999 99999 99999 262 99999 99999 99999 407 99999 99999 99999 99999 99999 1657 99999 633 301 99999 99999 99999 99999 99999 99999 99999 1054 99999 99999 99999 99999 99999 99999 99999 99999 99999 99999 99999 99999 99999 99999 99999 99999 99999 99999 99999 99999 99999 99999 99999 1119 99999 99999 99999 1384 238 99999 99999 99999 99999 99999 99999 99999 487 1801 99999 99999 99999 99999 99999 1502 99999 99999 99999 99999 99999 831 99999 
99999 292 939 99999 99999 99999 99999 99999 99999 99999 99999 408 99999 99999 99999 99999 99999 99999 99999 99999 99999 99999 679 99999 99999 99999 99999 1096 99999 99999 99999 54 99999 192 462 99999 99999 1085 99999 673 99999 99999 99999 99999 99999 99999 99999 99999 830 195 99999 99999 99999 867 99999 99999 1447 99999 99999 99999 1206 99999 99999 99999 99999 99999 99999 99999 1023 99999 99999 634 99999 99999 99999 377 99999 99999 99999 99999 99999 1805 1431 99999 99999 1998 99999 99999 99999 415 99999 1844 99999 545 99999 99999 220 99999 99999 99999 
99999 99999 99999 99999 99999 99999 99999 99999 99999 99999 99999 99999 99999 99999 99999 99999 99999 99999 99999 1492 99999 99999 412 99999 99999 99999 99999 99999 99999 99999 99999 99999 99999 99999 99999 263 99999 99999 99999 99999 99999 99999 99999 99999 99999 99999 99999 299 99999 99999 99999 1254 99999 99999 99999 99999 1539 99999 99999 99999 1005 99999 99999 99999 99999 99999 99999 99999 99999 99999 99999 99999 99999 566 99999 99999 99999 1894 99999 99999 1379 99999 99999 99999 99999 99999 99999 99999 99999 99999 99999 99999 99999 99999 99999 220 99999 99999 99999 1601 
99999 99999 99999 99999 99999 99999 99999 99999 99999 1334 99999 99999 99999 99999 99999 99999 1313 99999 99999 99999 99999 99999 667 99999 99999 99999 99999 99999 99999 99999 99999 746 99999 1150 99999 99999 99999 99999 99999 99999 99999 99999 99999 99999 99999 99999 99999 1509 278 99999 99999 99999 99999 555 705 99999 99999 394 99999 99999 99999 875 99999 99999 99999 99999 99999 99999 1850 361 99999 99999 99999 99999 99999 99999 99999 99999 99999 99999 1080 99999 99999 99999 99999 99999 99999 99999 99999 99999 1289 99999 99999 99999 99999 99999 99999 99999 1936 99999 
99999 99999 99999 99999 99999 99999 99999 99999 99999 99999 99999 99999 99999 99999 99999 99999 70 1662 99999 99999 99999 99999 99999 99999 99999 710 99999 99999 99999 99999 99999 99999 99999 99999 99999 99999 99999 99999 99999 99999 99999 99999 99999 1863 1117 99999 99999 1965 99999 99999 99999 99999 99999 99999 99999 39 99999 99999 99999 99999 99999 99999 147 99999 99999 99999 99999 99999 215 99999 1951 99999 99999 99999 99999 99999 99999 749 99999 99999 1171 99999 99999 99999 99999 99999 99999 99999 99999 99999 99999 99999 99999 99999 831 99999 99999 1936 99999 1946 
99999 99999 697 99999 99999 99999 99999 817 99999 99999 99999 99999 99999 99999 99999 99999 826 99999 1848 99999 99999 582 99999 99999 99999 99999 99999 852 99999 99999 99999 99999 99999 99999 99999 1779 99999 99999 99999 1412 99999 64 99999 99999 99999 99999 99999 457 99999 99999 99999 99999 99999 99999 99999 1874 99999 99999 99999 99999 99999 99999 99999 99999 99999 1208 99999 99999 99999 1958 99999 99999 99999 99999 99999 99999 99999 99999 99999 319 1616 99999 1490 99999 99999 99999 99999 99999 99999 99999 99999 99999 99999 99999 99999 99999 1601 99999 1946 99999 
